1 15 1 0 3 0 10
2 15 3 0 3 0 15
3 15 5 0 3 0 20
4 15 8 0 3 0 30
5 30 4 0 4 0 15
6 15 11 0 3 0 50
7 15 13 0 3 0 60
8 15 15 0 3 0 70
9 15 18 0 3 0 80
10 1 100 0 2 0 1000
11 15 21 0 3 0 120
12 15 23 0 3 0 130
13 15 26 0 3 0 140
14 15 31 0 3 0 150
15 30 21 0 3 0 80
16 15 33 0 3 0 160
17 15 37 0 3 0 170
18 15 39 0 3 0 180
19 15 42 0 3 0 190
20 1 300 0 2 0 2000
21 15 51 0 3 0 210
22 15 58 0 3 0 220
23 15 66 0 3 0 230
24 15 72 0 3 0 240
25 30 50 0 3 0 120
26 15 94 0 3 0 260
27 15 101 0 3 0 270
28 15 114 0 3 0 280
29 15 122 0 3 0 290
30 1 700 0 2 0 3000
31 15 130 0 3 0 310
32 15 160 0 3 0 320
33 15 190 0 3 0 330
34 15 230 0 3 0 340
35 30 140 0 3 0 175
36 15 270 0 3 0 360
37 15 310 0 3 0 370
38 15 360 0 3 0 380
39 15 390 0 3 0 390
40 1 2000 0 2 0 4000